7.0000e-05
2.1000e-04
1.0000e-01
9.0000e-01
2.5000e+01
1.8000e-06
2.3500e-05
0.0000e-05
2.5000e-05
4.6800e-04
5.7500e-06
4.0000e-04
-1.7000e+01
0.0000e+00
2.5000e-02
-5.400e+01
2.4438e+00
9.0000e+00
1.3250e-02
9.0000e+00
1.5000e+02
4.0000e+01
4.0000e-03
5.0000e-02
8.5000e-01
5.0000e-04
100
20
20
3
1.5
0.75
0.5
0.5
0.5
1.5
1.5
1.5
-5.75000e+01
2.4438e+00
9.0000e+00
1.3250e-02
9.0000e+00
1.5000e+02
4.0000e+01
2.5000e-02
5.0000e-03
1.3000e+00
5.0000e-04
100
20
20
3
1.5
0.75
0.5
0.5
0.5
1.5
1.5
1.5
